  40:POHT(t)
DIM=       1
NUM=    1502
  0.0000000E+00  1.0194588E+00
  1.9999999E-04  2.8256488E-01
  3.9999999E-04  2.1463269E-01
  6.0000003E-04  1.8390694E-01
  7.9999998E-04  1.6637447E-01
  1.0000000E-03  1.5532565E-01
  1.2000001E-03  1.4798522E-01
  1.4000000E-03  1.4295012E-01
  1.6000000E-03  1.3942434E-01
  1.8000000E-03  1.3692129E-01
  2.0000001E-03  1.3512740E-01
  2.2000000E-03  1.3383284E-01
  2.4000001E-03  1.3289414E-01
  2.6000000E-03  1.3221027E-01
  2.7999999E-03  1.3170955E-01
  3.0000000E-03  1.3134046E-01
  3.1999999E-03  1.3106595E-01
  3.4000000E-03  1.3085943E-01
  3.5999999E-03  1.3070202E-01
  3.8000001E-03  1.3057983E-01
  4.0000002E-03  1.3048351E-01
  4.1999999E-03  1.3040623E-01
  4.4000000E-03  1.3034321E-01
  4.6000001E-03  1.3029101E-01
  4.8000002E-03  1.3024719E-01
  4.9999999E-03  1.3020998E-01
  5.2000000E-03  1.3017811E-01
  5.4000001E-03  1.3015060E-01
  5.5999998E-03  1.3012676E-01
  5.7999999E-03  1.3010599E-01
  6.0000001E-03  1.3008790E-01
  6.2000002E-03  1.3007209E-01
  6.3999998E-03  1.3005830E-01
  6.6000000E-03  1.3004628E-01
  6.8000001E-03  1.3003583E-01
  7.0000002E-03  1.3002674E-01
  7.1999999E-03  1.3001889E-01
  7.4000000E-03  1.3001211E-01
  7.6000001E-03  1.3000628E-01
  7.7999998E-03  1.3000132E-01
  8.0000004E-03  1.2999709E-01
  8.2000000E-03  1.2999353E-01
  8.3999997E-03  1.2999053E-01
  8.6000003E-03  1.2998806E-01
  8.8000000E-03  1.2998602E-01
  8.9999996E-03  1.2998436E-01
  9.2000002E-03  1.2998305E-01
  9.3999999E-03  1.2998202E-01
  9.6000005E-03  1.2998125E-01
  9.8000001E-03  1.2998068E-01
  9.9999998E-03  1.2998030E-01
  1.0200000E-02  1.2998007E-01
  1.0400000E-02  1.2997997E-01
  1.0600000E-02  1.2997997E-01
  1.0800000E-02  1.2998006E-01
  1.1000000E-02  1.2998022E-01
  1.1200000E-02  1.2998044E-01
  1.1400000E-02  1.2998071E-01
  1.1600000E-02  1.2998101E-01
  1.1800000E-02  1.2998132E-01
  1.2000000E-02  1.2998167E-01
  1.2200000E-02  1.2998202E-01
  1.2400000E-02  1.2998238E-01
  1.2600000E-02  1.2998274E-01
  1.2800000E-02  1.2998308E-01
  1.3000000E-02  1.2998344E-01
  1.3200000E-02  1.2998378E-01
  1.3400000E-02  1.2998411E-01
  1.3600000E-02  1.2998442E-01
  1.3800000E-02  1.2998472E-01
  1.4000000E-02  1.2998500E-01
  1.4200000E-02  1.2998529E-01
  1.4400000E-02  1.2998554E-01
  1.4600000E-02  1.2998579E-01
  1.4800000E-02  1.2998602E-01
  1.5000000E-02  1.2998624E-01
  1.5200000E-02  1.2998644E-01
  1.5400000E-02  1.2998663E-01
  1.5600000E-02  1.2998681E-01
  1.5799999E-02  1.2998697E-01
  1.6000001E-02  1.2998712E-01
  1.6200000E-02  1.2998725E-01
  1.6400000E-02  1.2998739E-01
  1.6600000E-02  1.2998751E-01
  1.6799999E-02  1.2998761E-01
  1.7000001E-02  1.2998772E-01
  1.7200001E-02  1.2998781E-01
  1.7400000E-02  1.2998788E-01
  1.7600000E-02  1.2998797E-01
  1.7800000E-02  1.2998803E-01
  1.7999999E-02  1.2998809E-01
  1.8200001E-02  1.2998815E-01
  1.8400000E-02  1.2998821E-01
  1.8600000E-02  1.2998825E-01
  1.8800000E-02  1.2998830E-01
  1.8999999E-02  1.2998833E-01
  1.9200001E-02  1.2998837E-01
  1.9400001E-02  1.2998840E-01
  1.9600000E-02  1.2998843E-01
  1.9800000E-02  1.2998845E-01
  2.0000000E-02  1.2998848E-01
  2.0199999E-02  1.2998849E-01
  2.0400001E-02  1.2998851E-01
  2.0600000E-02  1.2998852E-01
  2.0800000E-02  1.2998854E-01
  2.1000000E-02  1.2998855E-01
  2.1199999E-02  1.2998857E-01
  2.1400001E-02  1.2998857E-01
  2.1600001E-02  1.2998858E-01
  2.1800000E-02  1.2998858E-01
  2.2000000E-02  1.2998860E-01
  2.2200000E-02  1.2998860E-01
  2.2399999E-02  1.2998861E-01
  2.2600001E-02  1.2998861E-01
  2.2800000E-02  1.2998861E-01
  2.3000000E-02  1.2998861E-01
  2.3200000E-02  1.2998861E-01
  2.3399999E-02  1.2998863E-01
  2.3600001E-02  1.2998863E-01
  2.3800001E-02  1.2998863E-01
  2.4000000E-02  1.2998863E-01
  2.4200000E-02  1.2998863E-01
  2.4400000E-02  1.2998863E-01
  2.4599999E-02  1.2998863E-01
  2.4800001E-02  1.2998863E-01
  2.5000000E-02  1.2998863E-01
  2.5200000E-02  1.2998863E-01
  2.5400000E-02  1.2998863E-01
  2.5599999E-02  1.2998863E-01
  2.5800001E-02  1.2998863E-01
  2.6000001E-02  1.2998863E-01
  2.6200000E-02  1.2998863E-01
  2.6400000E-02  1.2998863E-01
  2.6600000E-02  1.2998863E-01
  2.6799999E-02  1.2998863E-01
  2.7000001E-02  1.2998863E-01
  2.7200000E-02  1.2998863E-01
  2.7400000E-02  1.2998863E-01
  2.7600000E-02  1.2998863E-01
  2.7799999E-02  1.2998863E-01
  2.8000001E-02  1.2998863E-01
  2.8200001E-02  1.2998863E-01
  2.8400000E-02  1.2998863E-01
  2.8600000E-02  1.2998863E-01
  2.8800000E-02  1.2998863E-01
  2.8999999E-02  1.2998863E-01
  2.9200001E-02  1.2998863E-01
  2.9400000E-02  1.2998863E-01
  2.9600000E-02  1.2998863E-01
  2.9800000E-02  1.2998863E-01
  2.9999999E-02  1.2998863E-01
  3.0200001E-02  1.2998863E-01
  3.0400001E-02  1.2998863E-01
  3.0600000E-02  1.2998863E-01
  3.0800000E-02  1.2998863E-01
  3.0999999E-02  1.2998863E-01
  3.1199999E-02  1.2998863E-01
  3.1399999E-02  1.2998863E-01
  3.1599998E-02  1.2998863E-01
  3.1800002E-02  1.2998863E-01
  3.2000002E-02  1.2998863E-01
  3.2200001E-02  1.2998863E-01
  3.2400001E-02  1.2998863E-01
  3.2600001E-02  1.2998863E-01
  3.2800000E-02  1.2998863E-01
  3.3000000E-02  1.2998863E-01
  3.3199999E-02  1.2998863E-01
  3.3399999E-02  1.2998863E-01
  3.3599999E-02  1.2998863E-01
  3.3799998E-02  1.2998863E-01
  3.4000002E-02  1.2998863E-01
  3.4200002E-02  1.2998863E-01
  3.4400001E-02  1.2998863E-01
  3.4600001E-02  1.2998863E-01
  3.4800000E-02  1.2998863E-01
  3.5000000E-02  1.2998863E-01
  3.5200000E-02  1.2998863E-01
  3.5399999E-02  1.2998863E-01
  3.5599999E-02  1.2998863E-01
  3.5799999E-02  1.2998863E-01
  3.5999998E-02  1.2998863E-01
  3.6200002E-02  1.2998863E-01
  3.6400001E-02  1.2998863E-01
  3.6600001E-02  1.2998863E-01
  3.6800001E-02  1.2998863E-01
  3.7000000E-02  1.2998863E-01
  3.7200000E-02  1.2998863E-01
  3.7400000E-02  1.2998863E-01
  3.7599999E-02  1.2998863E-01
  3.7799999E-02  1.2998863E-01
  3.7999999E-02  1.2998863E-01
  3.8199998E-02  1.2998863E-01
  3.8400002E-02  1.2998863E-01
  3.8600001E-02  1.2998863E-01
  3.8800001E-02  1.2998863E-01
  3.9000001E-02  1.2998863E-01
  3.9200000E-02  1.2998863E-01
  3.9400000E-02  1.2998863E-01
  3.9600000E-02  1.2998863E-01
  3.9799999E-02  1.2998863E-01
  3.9999999E-02  1.2998863E-01
  4.0199999E-02  1.2998863E-01
  4.0399998E-02  1.2998863E-01
  4.0600002E-02  1.2998863E-01
  4.0800001E-02  1.2998863E-01
  4.1000001E-02  1.2998863E-01
  4.1200001E-02  1.2998863E-01
  4.1400000E-02  1.2998863E-01
  4.1600000E-02  1.2998863E-01
  4.1800000E-02  1.2998863E-01
  4.1999999E-02  1.2998863E-01
  4.2199999E-02  1.2998863E-01
  4.2399999E-02  1.2998863E-01
  4.2599998E-02  1.2998863E-01
  4.2800002E-02  1.2998863E-01
  4.3000001E-02  1.2998863E-01
  4.3200001E-02  1.2998863E-01
  4.3400001E-02  1.2998863E-01
  4.3600000E-02  1.2998863E-01
  4.3800000E-02  1.2998863E-01
  4.4000000E-02  1.2998863E-01
  4.4199999E-02  1.2998863E-01
  4.4399999E-02  1.2998863E-01
  4.4599999E-02  1.2998863E-01
  4.4799998E-02  1.2998863E-01
  4.5000002E-02  1.2998863E-01
  4.5200001E-02  1.2998863E-01
  4.5400001E-02  1.2998863E-01
  4.5600001E-02  1.2998863E-01
  4.5800000E-02  1.2998863E-01
  4.6000000E-02  1.2998863E-01
  4.6200000E-02  1.2998863E-01
  4.6399999E-02  1.2998863E-01
  4.6599999E-02  1.2998863E-01
  4.6799999E-02  1.2998863E-01
  4.6999998E-02  1.2998863E-01
  4.7200002E-02  1.2998863E-01
  4.7400001E-02  1.2998863E-01
  4.7600001E-02  1.2998863E-01
  4.7800001E-02  1.2998863E-01
  4.8000000E-02  1.2998863E-01
  4.8200000E-02  1.2998863E-01
  4.8400000E-02  1.2998863E-01
  4.8599999E-02  1.2998863E-01
  4.8799999E-02  1.2998863E-01
  4.8999999E-02  1.2998863E-01
  4.9199998E-02  1.2998863E-01
  4.9400002E-02  1.2998863E-01
  4.9600001E-02  1.2998863E-01
  4.9800001E-02  1.2998863E-01
  5.0000001E-02  1.2998863E-01
  5.0200000E-02  1.2998863E-01
  5.0400000E-02  1.2998863E-01
  5.0600000E-02  1.2998863E-01
  5.0799999E-02  1.2998863E-01
  5.0999999E-02  1.2998863E-01
  5.1199999E-02  1.2998863E-01
  5.1399998E-02  1.2998863E-01
  5.1600002E-02  1.2998863E-01
  5.1800001E-02  1.2998863E-01
  5.2000001E-02  1.2998863E-01
  5.2200001E-02  1.2998863E-01
  5.2400000E-02  1.2998863E-01
  5.2600000E-02  1.2998863E-01
  5.2800000E-02  1.2998863E-01
  5.2999999E-02  1.2998863E-01
  5.3199999E-02  1.2998863E-01
  5.3399999E-02  1.2998863E-01
  5.3599998E-02  1.2998863E-01
  5.3800002E-02  1.2998863E-01
  5.4000001E-02  1.2998863E-01
  5.4200001E-02  1.2998863E-01
  5.4400001E-02  1.2998863E-01
  5.4600000E-02  1.2998863E-01
  5.4800000E-02  1.2998863E-01
  5.5000000E-02  1.2998863E-01
  5.5199999E-02  1.2998863E-01
  5.5399999E-02  1.2998863E-01
  5.5599999E-02  1.2998863E-01
  5.5799998E-02  1.2998863E-01
  5.6000002E-02  1.2998863E-01
  5.6200001E-02  1.2998863E-01
  5.6400001E-02  1.2998863E-01
  5.6600001E-02  1.2998863E-01
  5.6800000E-02  1.2998863E-01
  5.7000000E-02  1.2998863E-01
  5.7200000E-02  1.2998863E-01
  5.7399999E-02  1.2998863E-01
  5.7599999E-02  1.2998863E-01
  5.7799999E-02  1.2998863E-01
  5.7999998E-02  1.2998863E-01
  5.8200002E-02  1.2998863E-01
  5.8400001E-02  1.2998863E-01
  5.8600001E-02  1.2998863E-01
  5.8800001E-02  1.2998863E-01
  5.9000000E-02  1.2998863E-01
  5.9200000E-02  1.2998863E-01
  5.9400000E-02  1.2998863E-01
  5.9599999E-02  1.2998863E-01
  5.9799999E-02  1.2998863E-01
  5.9999999E-02  1.2998863E-01
  6.0199998E-02  1.2998863E-01
  6.0400002E-02  1.2998863E-01
  6.0600001E-02  1.2998863E-01
  6.0800001E-02  1.2998863E-01
  6.1000001E-02  1.2998863E-01
  6.1200000E-02  1.2998863E-01
  6.1400000E-02  1.2998863E-01
  6.1600000E-02  1.2998863E-01
  6.1799999E-02  1.2998863E-01
  6.1999999E-02  1.2998863E-01
  6.2199999E-02  1.2998863E-01
  6.2399998E-02  1.2998863E-01
  6.2600002E-02  1.2998863E-01
  6.2799998E-02  1.2998863E-01
  6.3000001E-02  1.2998863E-01
  6.3199997E-02  1.2998863E-01
  6.3400000E-02  1.2998863E-01
  6.3600004E-02  1.2998863E-01
  6.3800000E-02  1.2998863E-01
  6.4000003E-02  1.2998863E-01
  6.4199999E-02  1.2998863E-01
  6.4400002E-02  1.2998863E-01
  6.4599998E-02  1.2998863E-01
  6.4800002E-02  1.2998863E-01
  6.4999998E-02  1.2998863E-01
  6.5200001E-02  1.2998863E-01
  6.5399997E-02  1.2998863E-01
  6.5600000E-02  1.2998863E-01
  6.5800004E-02  1.2998863E-01
  6.6000000E-02  1.2998863E-01
  6.6200003E-02  1.2998863E-01
  6.6399999E-02  1.2998863E-01
  6.6600002E-02  1.2998863E-01
  6.6799998E-02  1.2998863E-01
  6.7000002E-02  1.2998863E-01
  6.7199998E-02  1.2998863E-01
  6.7400001E-02  1.2998863E-01
  6.7599997E-02  1.2998863E-01
  6.7800000E-02  1.2998863E-01
  6.8000004E-02  1.2998863E-01
  6.8200000E-02  1.2998863E-01
  6.8400003E-02  1.2998863E-01
  6.8599999E-02  1.2998863E-01
  6.8800002E-02  1.2998863E-01
  6.8999998E-02  1.2998863E-01
  6.9200002E-02  1.2998863E-01
  6.9399998E-02  1.2998863E-01
  6.9600001E-02  1.2998863E-01
  6.9799997E-02  1.2998863E-01
  7.0000000E-02  1.2998863E-01
  7.0200004E-02  1.2998863E-01
  7.0400000E-02  1.2998863E-01
  7.0600003E-02  1.2998863E-01
  7.0799999E-02  1.2998863E-01
  7.1000002E-02  1.2998863E-01
  7.1199998E-02  1.2998863E-01
  7.1400002E-02  1.2998863E-01
  7.1599998E-02  1.2998863E-01
  7.1800001E-02  1.2998863E-01
  7.1999997E-02  1.2998863E-01
  7.2200000E-02  1.2998863E-01
  7.2400004E-02  1.2998863E-01
  7.2600000E-02  1.2998863E-01
  7.2800003E-02  1.2998863E-01
  7.2999999E-02  1.2998863E-01
  7.3200002E-02  1.2998863E-01
  7.3399998E-02  1.2998863E-01
  7.3600002E-02  1.2998863E-01
  7.3799998E-02  1.2998863E-01
  7.4000001E-02  1.2998863E-01
  7.4199997E-02  1.2998863E-01
  7.4400000E-02  1.2998863E-01
  7.4600004E-02  1.2998863E-01
  7.4800000E-02  1.2998863E-01
  7.5000003E-02  1.2998863E-01
  7.5199999E-02  1.2998863E-01
  7.5400002E-02  1.2998863E-01
  7.5599998E-02  1.2998863E-01
  7.5800002E-02  1.2998863E-01
  7.5999998E-02  1.2998863E-01
  7.6200001E-02  1.2998863E-01
  7.6399997E-02  1.2998863E-01
  7.6600000E-02  1.2998863E-01
  7.6800004E-02  1.2998863E-01
  7.7000000E-02  1.2998863E-01
  7.7200003E-02  1.2998863E-01
  7.7399999E-02  1.2998863E-01
  7.7600002E-02  1.2998863E-01
  7.7799998E-02  1.2998863E-01
  7.8000002E-02  1.2998863E-01
  7.8199998E-02  1.2998863E-01
  7.8400001E-02  1.2998863E-01
  7.8599997E-02  1.2998863E-01
  7.8800000E-02  1.2998863E-01
  7.9000004E-02  1.2998863E-01
  7.9200000E-02  1.2998863E-01
  7.9400003E-02  1.2998863E-01
  7.9599999E-02  1.2998863E-01
  7.9800002E-02  1.2998863E-01
  7.9999998E-02  1.2998863E-01
  8.0200002E-02  1.2998863E-01
  8.0399998E-02  1.2998863E-01
  8.0600001E-02  1.2998863E-01
  8.0799997E-02  1.2998863E-01
  8.1000000E-02  1.2998863E-01
  8.1200004E-02  1.2998863E-01
  8.1400000E-02  1.2998863E-01
  8.1600003E-02  1.2998863E-01
  8.1799999E-02  1.2998863E-01
  8.2000002E-02  1.2998863E-01
  8.2199998E-02  1.2998863E-01
  8.2400002E-02  1.2998863E-01
  8.2599998E-02  1.2998863E-01
  8.2800001E-02  1.2998863E-01
  8.2999997E-02  1.2998863E-01
  8.3200000E-02  1.2998863E-01
  8.3400004E-02  1.2998863E-01
  8.3600000E-02  1.2998863E-01
  8.3800003E-02  1.2998863E-01
  8.3999999E-02  1.2998863E-01
  8.4200002E-02  1.2998863E-01
  8.4399998E-02  1.2998863E-01
  8.4600002E-02  1.2998863E-01
  8.4799998E-02  1.2998863E-01
  8.5000001E-02  1.2998863E-01
  8.5199997E-02  1.2998863E-01
  8.5400000E-02  1.2998863E-01
  8.5600004E-02  1.2998863E-01
  8.5800000E-02  1.2998863E-01
  8.6000003E-02  1.2998863E-01
  8.6199999E-02  1.2998863E-01
  8.6400002E-02  1.2998863E-01
  8.6599998E-02  1.2998863E-01
  8.6800002E-02  1.2998863E-01
  8.6999997E-02  1.2998863E-01
  8.7200001E-02  1.2998863E-01
  8.7399997E-02  1.2998863E-01
  8.7600000E-02  1.2998863E-01
  8.7800004E-02  1.2998863E-01
  8.8000000E-02  1.2998863E-01
  8.8200003E-02  1.2998863E-01
  8.8399999E-02  1.2998863E-01
  8.8600002E-02  1.2998863E-01
  8.8799998E-02  1.2998863E-01
  8.9000002E-02  1.2998863E-01
  8.9199997E-02  1.2998863E-01
  8.9400001E-02  1.2998863E-01
  8.9599997E-02  1.2998863E-01
  8.9800000E-02  1.2998863E-01
  9.0000004E-02  1.2998863E-01
  9.0200000E-02  1.2998863E-01
  9.0400003E-02  1.2998863E-01
  9.0599999E-02  1.2998863E-01
  9.0800002E-02  1.2998863E-01
  9.0999998E-02  1.2998863E-01
  9.1200002E-02  1.2998863E-01
  9.1399997E-02  1.2998863E-01
  9.1600001E-02  1.2998863E-01
  9.1799997E-02  1.2998863E-01
  9.2000000E-02  1.2998863E-01
  9.2200004E-02  1.2998863E-01
  9.2399999E-02  1.2998863E-01
  9.2600003E-02  1.2998863E-01
  9.2799999E-02  1.2998863E-01
  9.3000002E-02  1.2998863E-01
  9.3199998E-02  1.2998863E-01
  9.3400002E-02  1.2998863E-01
  9.3599997E-02  1.2998863E-01
  9.3800001E-02  1.2998863E-01
  9.3999997E-02  1.2998863E-01
  9.4200000E-02  1.2998863E-01
  9.4400004E-02  1.2998863E-01
  9.4599999E-02  1.2998863E-01
  9.4800003E-02  1.2998863E-01
  9.4999999E-02  1.2998863E-01
  9.5200002E-02  1.2998863E-01
  9.5399998E-02  1.2998863E-01
  9.5600002E-02  1.2998863E-01
  9.5799997E-02  1.2998863E-01
  9.6000001E-02  1.2998863E-01
  9.6199997E-02  1.2998863E-01
  9.6400000E-02  1.2998863E-01
  9.6600004E-02  1.2998863E-01
  9.6799999E-02  1.2998863E-01
  9.7000003E-02  1.2998863E-01
  9.7199999E-02  1.2998863E-01
  9.7400002E-02  1.2998863E-01
  9.7599998E-02  1.2998863E-01
  9.7800002E-02  1.2998863E-01
  9.7999997E-02  1.2998863E-01
  9.8200001E-02  1.2998863E-01
  9.8399997E-02  1.2998863E-01
  9.8600000E-02  1.2998863E-01
  9.8800004E-02  1.2998863E-01
  9.8999999E-02  1.2998863E-01
  9.9200003E-02  1.2998863E-01
  9.9399999E-02  1.2998863E-01
  9.9600002E-02  1.2998863E-01
  9.9799998E-02  1.2998863E-01
  1.0000000E-01  1.2998863E-01
  1.0000000E-01  1.2998863E-01
  1.0020000E-01  1.2998863E-01
  1.0040000E-01  1.2998863E-01
  1.0060000E-01  1.2998863E-01
  1.0080000E-01  1.2998863E-01
  1.0100000E-01  1.2998863E-01
  1.0120000E-01  1.2998863E-01
  1.0140000E-01  1.2998863E-01
  1.0160000E-01  1.2998863E-01
  1.0180000E-01  1.2998863E-01
  1.0200000E-01  1.2998863E-01
  1.0220000E-01  1.2998863E-01
  1.0240000E-01  1.2998863E-01
  1.0260000E-01  1.2998863E-01
  1.0280000E-01  1.2998863E-01
  1.0300000E-01  1.2998863E-01
  1.0320000E-01  1.2998863E-01
  1.0340000E-01  1.2998863E-01
  1.0360000E-01  1.2998863E-01
  1.0380000E-01  1.2998863E-01
  1.0400000E-01  1.2998863E-01
  1.0420000E-01  1.2998863E-01
  1.0440000E-01  1.2998863E-01
  1.0460000E-01  1.2998863E-01
  1.0480000E-01  1.2998863E-01
  1.0500000E-01  1.2998863E-01
  1.0520000E-01  1.2998863E-01
  1.0540000E-01  1.2998863E-01
  1.0560000E-01  1.2998863E-01
  1.0580000E-01  1.2998863E-01
  1.0600000E-01  1.2998863E-01
  1.0620000E-01  1.2998863E-01
  1.0640000E-01  1.2998863E-01
  1.0660000E-01  1.2998863E-01
  1.0680000E-01  1.2998863E-01
  1.0700000E-01  1.2998863E-01
  1.0720000E-01  1.2998863E-01
  1.0740000E-01  1.2998863E-01
  1.0760000E-01  1.2998863E-01
  1.0780000E-01  1.2998863E-01
  1.0800000E-01  1.2998863E-01
  1.0820000E-01  1.2998863E-01
  1.0840000E-01  1.2998863E-01
  1.0860000E-01  1.2998863E-01
  1.0880000E-01  1.2998863E-01
  1.0900000E-01  1.2998863E-01
  1.0920000E-01  1.2998863E-01
  1.0940000E-01  1.2998863E-01
  1.0960000E-01  1.2998863E-01
  1.0980000E-01  1.2998863E-01
  1.1000000E-01  1.2998863E-01
  1.1020000E-01  1.2998863E-01
  1.1040000E-01  1.2998863E-01
  1.1060000E-01  1.2998863E-01
  1.1080000E-01  1.2998863E-01
  1.1100000E-01  1.2998863E-01
  1.1120000E-01  1.2998863E-01
  1.1140000E-01  1.2998863E-01
  1.1160000E-01  1.2998863E-01
  1.1180000E-01  1.2998863E-01
  1.1200000E-01  1.2998863E-01
  1.1220000E-01  1.2998863E-01
  1.1240000E-01  1.2998863E-01
  1.1260000E-01  1.2998863E-01
  1.1280000E-01  1.2998863E-01
  1.1300000E-01  1.2998863E-01
  1.1320000E-01  1.2998863E-01
  1.1340000E-01  1.2998863E-01
  1.1360000E-01  1.2998863E-01
  1.1380000E-01  1.2998863E-01
  1.1400000E-01  1.2998863E-01
  1.1420000E-01  1.2998863E-01
  1.1440000E-01  1.2998863E-01
  1.1460000E-01  1.2998863E-01
  1.1480000E-01  1.2998863E-01
  1.1500000E-01  1.2998863E-01
  1.1520000E-01  1.2998863E-01
  1.1540000E-01  1.2998863E-01
  1.1560000E-01  1.2998863E-01
  1.1580000E-01  1.2998863E-01
  1.1600000E-01  1.2998863E-01
  1.1620000E-01  1.2998863E-01
  1.1640000E-01  1.2998863E-01
  1.1660000E-01  1.2998863E-01
  1.1680000E-01  1.2998863E-01
  1.1700000E-01  1.2998863E-01
  1.1720000E-01  1.2998863E-01
  1.1740000E-01  1.2998863E-01
  1.1760000E-01  1.2998863E-01
  1.1780000E-01  1.2998863E-01
  1.1800000E-01  1.2998863E-01
  1.1820000E-01  1.2998863E-01
  1.1840000E-01  1.2998863E-01
  1.1860000E-01  1.2998863E-01
  1.1880000E-01  1.2998863E-01
  1.1900000E-01  1.2998863E-01
  1.1920000E-01  1.2998863E-01
  1.1940000E-01  1.2998863E-01
  1.1960000E-01  1.2998863E-01
  1.1980000E-01  1.2998863E-01
  1.2000000E-01  1.2998863E-01
  1.2020000E-01  1.2998863E-01
  1.2040000E-01  1.2998863E-01
  1.2060000E-01  1.2998863E-01
  1.2080000E-01  1.2998863E-01
  1.2100000E-01  1.2998863E-01
  1.2120000E-01  1.2998863E-01
  1.2140000E-01  1.2998863E-01
  1.2160000E-01  1.2998863E-01
  1.2180000E-01  1.2998863E-01
  1.2200000E-01  1.2998863E-01
  1.2220000E-01  1.2998863E-01
  1.2240000E-01  1.2998863E-01
  1.2260000E-01  1.2998863E-01
  1.2280000E-01  1.2998863E-01
  1.2300000E-01  1.2998863E-01
  1.2320000E-01  1.2998863E-01
  1.2340000E-01  1.2998863E-01
  1.2360000E-01  1.2998863E-01
  1.2380000E-01  1.2998863E-01
  1.2400000E-01  1.2998863E-01
  1.2420000E-01  1.2998863E-01
  1.2440000E-01  1.2998863E-01
  1.2460000E-01  1.2998863E-01
  1.2480000E-01  1.2998863E-01
  1.2500000E-01  1.2998863E-01
  1.2520000E-01  1.2998863E-01
  1.2540001E-01  1.2998863E-01
  1.2560000E-01  1.2998863E-01
  1.2580000E-01  1.2998863E-01
  1.2600000E-01  1.2998863E-01
  1.2620001E-01  1.2998863E-01
  1.2639999E-01  1.2998863E-01
  1.2660000E-01  1.2998863E-01
  1.2680000E-01  1.2998863E-01
  1.2700000E-01  1.2998863E-01
  1.2720001E-01  1.2998863E-01
  1.2740000E-01  1.2998863E-01
  1.2760000E-01  1.2998863E-01
  1.2780000E-01  1.2998863E-01
  1.2800001E-01  1.2998863E-01
  1.2819999E-01  1.2998863E-01
  1.2840000E-01  1.2998863E-01
  1.2860000E-01  1.2998863E-01
  1.2880000E-01  1.2998863E-01
  1.2899999E-01  1.2998863E-01
  1.2920000E-01  1.2998863E-01
  1.2940000E-01  1.2998863E-01
  1.2960000E-01  1.2998863E-01
  1.2980001E-01  1.2998863E-01
  1.3000000E-01  1.2998863E-01
  1.3020000E-01  1.2998863E-01
  1.3040000E-01  1.2998863E-01
  1.3060001E-01  1.2998863E-01
  1.3079999E-01  1.2998863E-01
  1.3100000E-01  1.2998863E-01
  1.3120000E-01  1.2998863E-01
  1.3140000E-01  1.2998863E-01
  1.3160001E-01  1.2998863E-01
  1.3180000E-01  1.2998863E-01
  1.3200000E-01  1.2998863E-01
  1.3220000E-01  1.2998863E-01
  1.3240001E-01  1.2998863E-01
  1.3259999E-01  1.2998863E-01
  1.3280000E-01  1.2998863E-01
  1.3300000E-01  1.2998863E-01
  1.3320000E-01  1.2998863E-01
  1.3339999E-01  1.2998863E-01
  1.3360000E-01  1.2998863E-01
  1.3380000E-01  1.2998863E-01
  1.3400000E-01  1.2998863E-01
  1.3420001E-01  1.2998863E-01
  1.3440000E-01  1.2998863E-01
  1.3460000E-01  1.2998863E-01
  1.3480000E-01  1.2998863E-01
  1.3500001E-01  1.2998863E-01
  1.3519999E-01  1.2998863E-01
  1.3540000E-01  1.2998863E-01
  1.3560000E-01  1.2998863E-01
  1.3580000E-01  1.2998863E-01
  1.3600001E-01  1.2998863E-01
  1.3620000E-01  1.2998863E-01
  1.3640000E-01  1.2998863E-01
  1.3660000E-01  1.2998863E-01
  1.3680001E-01  1.2998863E-01
  1.3699999E-01  1.2998863E-01
  1.3720000E-01  1.2998863E-01
  1.3740000E-01  1.2998863E-01
  1.3760000E-01  1.2998863E-01
  1.3779999E-01  1.2998863E-01
  1.3800000E-01  1.2998863E-01
  1.3820000E-01  1.2998863E-01
  1.3840000E-01  1.2998863E-01
  1.3860001E-01  1.2998863E-01
  1.3880000E-01  1.2998863E-01
  1.3900000E-01  1.2998863E-01
  1.3920000E-01  1.2998863E-01
  1.3940001E-01  1.2998863E-01
  1.3959999E-01  1.2998863E-01
  1.3980000E-01  1.2998863E-01
  1.4000000E-01  1.2998863E-01
  1.4020000E-01  1.2998863E-01
  1.4040001E-01  1.2998863E-01
  1.4060000E-01  1.2998863E-01
  1.4080000E-01  1.2998863E-01
  1.4100000E-01  1.2998863E-01
  1.4120001E-01  1.2998863E-01
  1.4139999E-01  1.2998863E-01
  1.4160000E-01  1.2998863E-01
  1.4180000E-01  1.2998863E-01
  1.4200000E-01  1.2998863E-01
  1.4219999E-01  1.2998863E-01
  1.4240000E-01  1.2998863E-01
  1.4260000E-01  1.2998863E-01
  1.4280000E-01  1.2998863E-01
  1.4300001E-01  1.2998863E-01
  1.4320000E-01  1.2998863E-01
  1.4340000E-01  1.2998863E-01
  1.4360000E-01  1.2998863E-01
  1.4380001E-01  1.2998863E-01
  1.4399999E-01  1.2998863E-01
  1.4420000E-01  1.2998863E-01
  1.4440000E-01  1.2998863E-01
  1.4460000E-01  1.2998863E-01
  1.4480001E-01  1.2998863E-01
  1.4500000E-01  1.2998863E-01
  1.4520000E-01  1.2998863E-01
  1.4540000E-01  1.2998863E-01
  1.4560001E-01  1.2998863E-01
  1.4579999E-01  1.2998863E-01
  1.4600000E-01  1.2998863E-01
  1.4620000E-01  1.2998863E-01
  1.4640000E-01  1.2998863E-01
  1.4659999E-01  1.2998863E-01
  1.4680000E-01  1.2998863E-01
  1.4700000E-01  1.2998863E-01
  1.4720000E-01  1.2998863E-01
  1.4740001E-01  1.2998863E-01
  1.4760000E-01  1.2998863E-01
  1.4780000E-01  1.2998863E-01
  1.4800000E-01  1.2998863E-01
  1.4820001E-01  1.2998863E-01
  1.4839999E-01  1.2998863E-01
  1.4860000E-01  1.2998863E-01
  1.4880000E-01  1.2998863E-01
  1.4900000E-01  1.2998863E-01
  1.4920001E-01  1.2998863E-01
  1.4940000E-01  1.2998863E-01
  1.4960000E-01  1.2998863E-01
  1.4980000E-01  1.2998863E-01
  1.5000001E-01  1.2998863E-01
  1.5019999E-01  1.2998863E-01
  1.5040000E-01  1.2998863E-01
  1.5060000E-01  1.2998863E-01
  1.5080000E-01  1.2998863E-01
  1.5099999E-01  1.2998863E-01
  1.5120000E-01  1.2998863E-01
  1.5140000E-01  1.2998863E-01
  1.5160000E-01  1.2998863E-01
  1.5180001E-01  1.2998863E-01
  1.5200000E-01  1.2998863E-01
  1.5220000E-01  1.2998863E-01
  1.5240000E-01  1.2998863E-01
  1.5260001E-01  1.2998863E-01
  1.5279999E-01  1.2998863E-01
  1.5300000E-01  1.2998863E-01
  1.5320000E-01  1.2998863E-01
  1.5340000E-01  1.2998863E-01
  1.5360001E-01  1.2998863E-01
  1.5380000E-01  1.2998863E-01
  1.5400000E-01  1.2998863E-01
  1.5420000E-01  1.2998863E-01
  1.5440001E-01  1.2998863E-01
  1.5459999E-01  1.2998863E-01
  1.5480000E-01  1.2998863E-01
  1.5500000E-01  1.2998863E-01
  1.5520000E-01  1.2998863E-01
  1.5539999E-01  1.2998863E-01
  1.5560000E-01  1.2998863E-01
  1.5580000E-01  1.2998863E-01
  1.5600000E-01  1.2998863E-01
  1.5620001E-01  1.2998863E-01
  1.5640000E-01  1.2998863E-01
  1.5660000E-01  1.2998863E-01
  1.5680000E-01  1.2998863E-01
  1.5700001E-01  1.2998863E-01
  1.5719999E-01  1.2998863E-01
  1.5740000E-01  1.2998863E-01
  1.5760000E-01  1.2998863E-01
  1.5780000E-01  1.2998863E-01
  1.5800001E-01  1.2998863E-01
  1.5820000E-01  1.2998863E-01
  1.5840000E-01  1.2998863E-01
  1.5860000E-01  1.2998863E-01
  1.5880001E-01  1.2998863E-01
  1.5899999E-01  1.2998863E-01
  1.5920000E-01  1.2998863E-01
  1.5940000E-01  1.2998863E-01
  1.5960000E-01  1.2998863E-01
  1.5979999E-01  1.2998863E-01
  1.6000000E-01  1.2998863E-01
  1.6020000E-01  1.2998863E-01
  1.6040000E-01  1.2998863E-01
  1.6060001E-01  1.2998863E-01
  1.6080000E-01  1.2998863E-01
  1.6100000E-01  1.2998863E-01
  1.6120000E-01  1.2998863E-01
  1.6140001E-01  1.2998863E-01
  1.6159999E-01  1.2998863E-01
  1.6180000E-01  1.2998863E-01
  1.6200000E-01  1.2998863E-01
  1.6220000E-01  1.2998863E-01
  1.6240001E-01  1.2998863E-01
  1.6260000E-01  1.2998863E-01
  1.6280000E-01  1.2998863E-01
  1.6300000E-01  1.2998863E-01
  1.6320001E-01  1.2998863E-01
  1.6339999E-01  1.2998863E-01
  1.6360000E-01  1.2998863E-01
  1.6380000E-01  1.2998863E-01
  1.6400000E-01  1.2998863E-01
  1.6419999E-01  1.2998863E-01
  1.6440000E-01  1.2998863E-01
  1.6460000E-01  1.2998863E-01
  1.6480000E-01  1.2998863E-01
  1.6500001E-01  1.2998863E-01
  1.6520000E-01  1.2998863E-01
  1.6540000E-01  1.2998863E-01
  1.6560000E-01  1.2998863E-01
  1.6580001E-01  1.2998863E-01
  1.6599999E-01  1.2998863E-01
  1.6620000E-01  1.2998863E-01
  1.6640000E-01  1.2998863E-01
  1.6660000E-01  1.2998863E-01
  1.6680001E-01  1.2998863E-01
  1.6700000E-01  1.2998863E-01
  1.6720000E-01  1.2998863E-01
  1.6740000E-01  1.2998863E-01
  1.6760001E-01  1.2998863E-01
  1.6779999E-01  1.2998863E-01
  1.6800000E-01  1.2998863E-01
  1.6820000E-01  1.2998863E-01
  1.6840000E-01  1.2998863E-01
  1.6859999E-01  1.2998863E-01
  1.6880000E-01  1.2998863E-01
  1.6900000E-01  1.2998863E-01
  1.6920000E-01  1.2998863E-01
  1.6940001E-01  1.2998863E-01
  1.6960000E-01  1.2998863E-01
  1.6980000E-01  1.2998863E-01
  1.7000000E-01  1.2998863E-01
  1.7020001E-01  1.2998863E-01
  1.7039999E-01  1.2998863E-01
  1.7060000E-01  1.2998863E-01
  1.7080000E-01  1.2998863E-01
  1.7100000E-01  1.2998863E-01
  1.7120001E-01  1.2998863E-01
  1.7140000E-01  1.2998863E-01
  1.7160000E-01  1.2998863E-01
  1.7180000E-01  1.2998863E-01
  1.7200001E-01  1.2998863E-01
  1.7219999E-01  1.2998863E-01
  1.7240000E-01  1.2998863E-01
  1.7260000E-01  1.2998863E-01
  1.7280000E-01  1.2998863E-01
  1.7299999E-01  1.2998863E-01
  1.7320000E-01  1.2998863E-01
  1.7340000E-01  1.2998863E-01
  1.7360000E-01  1.2998863E-01
  1.7380001E-01  1.2998863E-01
  1.7399999E-01  1.2998863E-01
  1.7420000E-01  1.2998863E-01
  1.7440000E-01  1.2998863E-01
  1.7460001E-01  1.2998863E-01
  1.7479999E-01  1.2998863E-01
  1.7500000E-01  1.2998863E-01
  1.7520000E-01  1.2998863E-01
  1.7540000E-01  1.2998863E-01
  1.7560001E-01  1.2998863E-01
  1.7580000E-01  1.2998863E-01
  1.7600000E-01  1.2998863E-01
  1.7620000E-01  1.2998863E-01
  1.7640001E-01  1.2998863E-01
  1.7659999E-01  1.2998863E-01
  1.7680000E-01  1.2998863E-01
  1.7700000E-01  1.2998863E-01
  1.7720000E-01  1.2998863E-01
  1.7739999E-01  1.2998863E-01
  1.7760000E-01  1.2998863E-01
  1.7780000E-01  1.2998863E-01
  1.7800000E-01  1.2998863E-01
  1.7820001E-01  1.2998863E-01
  1.7839999E-01  1.2998863E-01
  1.7860000E-01  1.2998863E-01
  1.7880000E-01  1.2998863E-01
  1.7900001E-01  1.2998863E-01
  1.7919999E-01  1.2998863E-01
  1.7940000E-01  1.2998863E-01
  1.7960000E-01  1.2998863E-01
  1.7980000E-01  1.2998863E-01
  1.8000001E-01  1.2998863E-01
  1.8020000E-01  1.2998863E-01
  1.8040000E-01  1.2998863E-01
  1.8060000E-01  1.2998863E-01
  1.8080001E-01  1.2998863E-01
  1.8099999E-01  1.2998863E-01
  1.8120000E-01  1.2998863E-01
  1.8140000E-01  1.2998863E-01
  1.8160000E-01  1.2998863E-01
  1.8179999E-01  1.2998863E-01
  1.8200000E-01  1.2998863E-01
  1.8220000E-01  1.2998863E-01
  1.8240000E-01  1.2998863E-01
  1.8260001E-01  1.2998863E-01
  1.8279999E-01  1.2998863E-01
  1.8300000E-01  1.2998863E-01
  1.8320000E-01  1.2998863E-01
  1.8340001E-01  1.2998863E-01
  1.8359999E-01  1.2998863E-01
  1.8380000E-01  1.2998863E-01
  1.8400000E-01  1.2998863E-01
  1.8420000E-01  1.2998863E-01
  1.8440001E-01  1.2998863E-01
  1.8460000E-01  1.2998863E-01
  1.8480000E-01  1.2998863E-01
  1.8500000E-01  1.2998863E-01
  1.8520001E-01  1.2998863E-01
  1.8539999E-01  1.2998863E-01
  1.8560000E-01  1.2998863E-01
  1.8580000E-01  1.2998863E-01
  1.8600000E-01  1.2998863E-01
  1.8619999E-01  1.2998863E-01
  1.8640000E-01  1.2998863E-01
  1.8660000E-01  1.2998863E-01
  1.8680000E-01  1.2998863E-01
  1.8700001E-01  1.2998863E-01
  1.8719999E-01  1.2998863E-01
  1.8740000E-01  1.2998863E-01
  1.8760000E-01  1.2998863E-01
  1.8780001E-01  1.2998863E-01
  1.8799999E-01  1.2998863E-01
  1.8820000E-01  1.2998863E-01
  1.8840000E-01  1.2998863E-01
  1.8860000E-01  1.2998863E-01
  1.8880001E-01  1.2998863E-01
  1.8900000E-01  1.2998863E-01
  1.8920000E-01  1.2998863E-01
  1.8940000E-01  1.2998863E-01
  1.8960001E-01  1.2998863E-01
  1.8979999E-01  1.2998863E-01
  1.9000000E-01  1.2998863E-01
  1.9020000E-01  1.2998863E-01
  1.9040000E-01  1.2998863E-01
  1.9059999E-01  1.2998863E-01
  1.9080000E-01  1.2998863E-01
  1.9100000E-01  1.2998863E-01
  1.9120000E-01  1.2998863E-01
  1.9140001E-01  1.2998863E-01
  1.9159999E-01  1.2998863E-01
  1.9180000E-01  1.2998863E-01
  1.9200000E-01  1.2998863E-01
  1.9220001E-01  1.2998863E-01
  1.9239999E-01  1.2998863E-01
  1.9260000E-01  1.2998863E-01
  1.9280000E-01  1.2998863E-01
  1.9300000E-01  1.2998863E-01
  1.9320001E-01  1.2998863E-01
  1.9340000E-01  1.2998863E-01
  1.9360000E-01  1.2998863E-01
  1.9380000E-01  1.2998863E-01
  1.9400001E-01  1.2998863E-01
  1.9419999E-01  1.2998863E-01
  1.9440000E-01  1.2998863E-01
  1.9460000E-01  1.2998863E-01
  1.9480000E-01  1.2998863E-01
  1.9499999E-01  1.2998863E-01
  1.9520000E-01  1.2998863E-01
  1.9540000E-01  1.2998863E-01
  1.9560000E-01  1.2998863E-01
  1.9580001E-01  1.2998863E-01
  1.9599999E-01  1.2998863E-01
  1.9620000E-01  1.2998863E-01
  1.9640000E-01  1.2998863E-01
  1.9660001E-01  1.2998863E-01
  1.9679999E-01  1.2998863E-01
  1.9700000E-01  1.2998863E-01
  1.9720000E-01  1.2998863E-01
  1.9740000E-01  1.2998863E-01
  1.9760001E-01  1.2998863E-01
  1.9780000E-01  1.2998863E-01
  1.9800000E-01  1.2998863E-01
  1.9820000E-01  1.2998863E-01
  1.9840001E-01  1.2998863E-01
  1.9859999E-01  1.2998863E-01
  1.9880000E-01  1.2998863E-01
  1.9900000E-01  1.2998863E-01
  1.9920000E-01  1.2998863E-01
  1.9939999E-01  1.2998863E-01
  1.9960000E-01  1.2998863E-01
  1.9980000E-01  1.2998863E-01
  2.0000000E-01  1.2998863E-01
  2.0020001E-01  1.2998863E-01
  2.0039999E-01  1.2998863E-01
  2.0060000E-01  1.2998863E-01
  2.0080000E-01  1.2998863E-01
  2.0100001E-01  1.2998863E-01
  2.0119999E-01  1.2998863E-01
  2.0140000E-01  1.2998863E-01
  2.0160000E-01  1.2998863E-01
  2.0180000E-01  1.2998863E-01
  2.0200001E-01  1.2998863E-01
  2.0220000E-01  1.2998863E-01
  2.0240000E-01  1.2998863E-01
  2.0260000E-01  1.2998863E-01
  2.0280001E-01  1.2998863E-01
  2.0299999E-01  1.2998863E-01
  2.0320000E-01  1.2998863E-01
  2.0340000E-01  1.2998863E-01
  2.0360000E-01  1.2998863E-01
  2.0379999E-01  1.2998863E-01
  2.0400000E-01  1.2998863E-01
  2.0420000E-01  1.2998863E-01
  2.0440000E-01  1.2998863E-01
  2.0460001E-01  1.2998863E-01
  2.0479999E-01  1.2998863E-01
  2.0500000E-01  1.2998863E-01
  2.0520000E-01  1.2998863E-01
  2.0540000E-01  1.2998863E-01
  2.0559999E-01  1.2998863E-01
  2.0580000E-01  1.2998863E-01
  2.0600000E-01  1.2998863E-01
  2.0620000E-01  1.2998863E-01
  2.0640001E-01  1.2998863E-01
  2.0660000E-01  1.2998863E-01
  2.0680000E-01  1.2998863E-01
  2.0700000E-01  1.2998863E-01
  2.0720001E-01  1.2998863E-01
  2.0739999E-01  1.2998863E-01
  2.0760000E-01  1.2998863E-01
  2.0780000E-01  1.2998863E-01
  2.0800000E-01  1.2998863E-01
  2.0819999E-01  1.2998863E-01
  2.0840000E-01  1.2998863E-01
  2.0860000E-01  1.2998863E-01
  2.0880000E-01  1.2998863E-01
  2.0900001E-01  1.2998863E-01
  2.0919999E-01  1.2998863E-01
  2.0940000E-01  1.2998863E-01
  2.0960000E-01  1.2998863E-01
  2.0980000E-01  1.2998863E-01
  2.0999999E-01  1.2998863E-01
  2.1020000E-01  1.2998863E-01
  2.1040000E-01  1.2998863E-01
  2.1060000E-01  1.2998863E-01
  2.1080001E-01  1.2998863E-01
  2.1100000E-01  1.2998863E-01
  2.1120000E-01  1.2998863E-01
  2.1140000E-01  1.2998863E-01
  2.1160001E-01  1.2998863E-01
  2.1179999E-01  1.2998863E-01
  2.1200000E-01  1.2998863E-01
  2.1220000E-01  1.2998863E-01
  2.1240000E-01  1.2998863E-01
  2.1259999E-01  1.2998863E-01
  2.1280000E-01  1.2998863E-01
  2.1300000E-01  1.2998863E-01
  2.1320000E-01  1.2998863E-01
  2.1340001E-01  1.2998863E-01
  2.1359999E-01  1.2998863E-01
  2.1380000E-01  1.2998863E-01
  2.1400000E-01  1.2998863E-01
  2.1420000E-01  1.2998863E-01
  2.1439999E-01  1.2998863E-01
  2.1460000E-01  1.2998863E-01
  2.1480000E-01  1.2998863E-01
  2.1500000E-01  1.2998863E-01
  2.1520001E-01  1.2998863E-01
  2.1540000E-01  1.2998863E-01
  2.1560000E-01  1.2998863E-01
  2.1580000E-01  1.2998863E-01
  2.1600001E-01  1.2998863E-01
  2.1619999E-01  1.2998863E-01
  2.1640000E-01  1.2998863E-01
  2.1660000E-01  1.2998863E-01
  2.1680000E-01  1.2998863E-01
  2.1699999E-01  1.2998863E-01
  2.1720000E-01  1.2998863E-01
  2.1740000E-01  1.2998863E-01
  2.1760000E-01  1.2998863E-01
  2.1780001E-01  1.2998863E-01
  2.1799999E-01  1.2998863E-01
  2.1820000E-01  1.2998863E-01
  2.1840000E-01  1.2998863E-01
  2.1860000E-01  1.2998863E-01
  2.1879999E-01  1.2998863E-01
  2.1900000E-01  1.2998863E-01
  2.1920000E-01  1.2998863E-01
  2.1940000E-01  1.2998863E-01
  2.1960001E-01  1.2998863E-01
  2.1980000E-01  1.2998863E-01
  2.2000000E-01  1.2998863E-01
  2.2020000E-01  1.2998863E-01
  2.2040001E-01  1.2998863E-01
  2.2059999E-01  1.2998863E-01
  2.2080000E-01  1.2998863E-01
  2.2100000E-01  1.2998863E-01
  2.2120000E-01  1.2998863E-01
  2.2139999E-01  1.2998863E-01
  2.2160000E-01  1.2998863E-01
  2.2180000E-01  1.2998863E-01
  2.2200000E-01  1.2998863E-01
  2.2220001E-01  1.2998863E-01
  2.2239999E-01  1.2998863E-01
  2.2260000E-01  1.2998863E-01
  2.2280000E-01  1.2998863E-01
  2.2300000E-01  1.2998863E-01
  2.2319999E-01  1.2998863E-01
  2.2340000E-01  1.2998863E-01
  2.2360000E-01  1.2998863E-01
  2.2380000E-01  1.2998863E-01
  2.2400001E-01  1.2998863E-01
  2.2420000E-01  1.2998863E-01
  2.2440000E-01  1.2998863E-01
  2.2460000E-01  1.2998863E-01
  2.2480001E-01  1.2998863E-01
  2.2499999E-01  1.2998863E-01
  2.2520000E-01  1.2998863E-01
  2.2540000E-01  1.2998863E-01
  2.2560000E-01  1.2998863E-01
  2.2579999E-01  1.2998863E-01
  2.2600000E-01  1.2998863E-01
  2.2620000E-01  1.2998863E-01
  2.2640000E-01  1.2998863E-01
  2.2660001E-01  1.2998863E-01
  2.2679999E-01  1.2998863E-01
  2.2700000E-01  1.2998863E-01
  2.2720000E-01  1.2998863E-01
  2.2740000E-01  1.2998863E-01
  2.2759999E-01  1.2998863E-01
  2.2780000E-01  1.2998863E-01
  2.2800000E-01  1.2998863E-01
  2.2820000E-01  1.2998863E-01
  2.2840001E-01  1.2998863E-01
  2.2860000E-01  1.2998863E-01
  2.2880000E-01  1.2998863E-01
  2.2900000E-01  1.2998863E-01
  2.2920001E-01  1.2998863E-01
  2.2939999E-01  1.2998863E-01
  2.2960000E-01  1.2998863E-01
  2.2980000E-01  1.2998863E-01
  2.3000000E-01  1.2998863E-01
  2.3019999E-01  1.2998863E-01
  2.3040000E-01  1.2998863E-01
  2.3060000E-01  1.2998863E-01
  2.3080000E-01  1.2998863E-01
  2.3100001E-01  1.2998863E-01
  2.3119999E-01  1.2998863E-01
  2.3140000E-01  1.2998863E-01
  2.3160000E-01  1.2998863E-01
  2.3180000E-01  1.2998863E-01
  2.3199999E-01  1.2998863E-01
  2.3220000E-01  1.2998863E-01
  2.3240000E-01  1.2998863E-01
  2.3260000E-01  1.2998863E-01
  2.3280001E-01  1.2998863E-01
  2.3300000E-01  1.2998863E-01
  2.3320000E-01  1.2998863E-01
  2.3340000E-01  1.2998863E-01
  2.3360001E-01  1.2998863E-01
  2.3379999E-01  1.2998863E-01
  2.3400000E-01  1.2998863E-01
  2.3420000E-01  1.2998863E-01
  2.3440000E-01  1.2998863E-01
  2.3459999E-01  1.2998863E-01
  2.3480000E-01  1.2998863E-01
  2.3500000E-01  1.2998863E-01
  2.3520000E-01  1.2998863E-01
  2.3540001E-01  1.2998863E-01
  2.3559999E-01  1.2998863E-01
  2.3580000E-01  1.2998863E-01
  2.3600000E-01  1.2998863E-01
  2.3620000E-01  1.2998863E-01
  2.3639999E-01  1.2998863E-01
  2.3660000E-01  1.2998863E-01
  2.3680000E-01  1.2998863E-01
  2.3700000E-01  1.2998863E-01
  2.3720001E-01  1.2998863E-01
  2.3740000E-01  1.2998863E-01
  2.3760000E-01  1.2998863E-01
  2.3780000E-01  1.2998863E-01
  2.3800001E-01  1.2998863E-01
  2.3819999E-01  1.2998863E-01
  2.3840000E-01  1.2998863E-01
  2.3860000E-01  1.2998863E-01
  2.3880000E-01  1.2998863E-01
  2.3899999E-01  1.2998863E-01
  2.3920000E-01  1.2998863E-01
  2.3940000E-01  1.2998863E-01
  2.3960000E-01  1.2998863E-01
  2.3980001E-01  1.2998863E-01
  2.3999999E-01  1.2998863E-01
  2.4020000E-01  1.2998863E-01
  2.4040000E-01  1.2998863E-01
  2.4060000E-01  1.2998863E-01
  2.4079999E-01  1.2998863E-01
  2.4100000E-01  1.2998863E-01
  2.4120000E-01  1.2998863E-01
  2.4140000E-01  1.2998863E-01
  2.4160001E-01  1.2998863E-01
  2.4180000E-01  1.2998863E-01
  2.4200000E-01  1.2998863E-01
  2.4220000E-01  1.2998863E-01
  2.4240001E-01  1.2998863E-01
  2.4259999E-01  1.2998863E-01
  2.4280000E-01  1.2998863E-01
  2.4300000E-01  1.2998863E-01
  2.4320000E-01  1.2998863E-01
  2.4339999E-01  1.2998863E-01
  2.4360000E-01  1.2998863E-01
  2.4380000E-01  1.2998863E-01
  2.4400000E-01  1.2998863E-01
  2.4420001E-01  1.2998863E-01
  2.4439999E-01  1.2998863E-01
  2.4460000E-01  1.2998863E-01
  2.4480000E-01  1.2998863E-01
  2.4500000E-01  1.2998863E-01
  2.4519999E-01  1.2998863E-01
  2.4540000E-01  1.2998863E-01
  2.4560000E-01  1.2998863E-01
  2.4580000E-01  1.2998863E-01
  2.4600001E-01  1.2998863E-01
  2.4620000E-01  1.2998863E-01
  2.4640000E-01  1.2998863E-01
  2.4660000E-01  1.2998863E-01
  2.4680001E-01  1.2998863E-01
  2.4699999E-01  1.2998863E-01
  2.4720000E-01  1.2998863E-01
  2.4740000E-01  1.2998863E-01
  2.4760000E-01  1.2998863E-01
  2.4779999E-01  1.2998863E-01
  2.4800000E-01  1.2998863E-01
  2.4820000E-01  1.2998863E-01
  2.4840000E-01  1.2998863E-01
  2.4860001E-01  1.2998863E-01
  2.4879999E-01  1.2998863E-01
  2.4900000E-01  1.2998863E-01
  2.4920000E-01  1.2998863E-01
  2.4940000E-01  1.2998863E-01
  2.4959999E-01  1.2998863E-01
  2.4980000E-01  1.2998863E-01
  2.5000000E-01  1.2998863E-01
  2.5020000E-01  1.2998863E-01
  2.5040001E-01  1.2998863E-01
  2.5060001E-01  1.2998863E-01
  2.5080001E-01  1.2998863E-01
  2.5099999E-01  1.2998863E-01
  2.5119999E-01  1.2998863E-01
  2.5139999E-01  1.2998863E-01
  2.5160000E-01  1.2998863E-01
  2.5180000E-01  1.2998863E-01
  2.5200000E-01  1.2998863E-01
  2.5220001E-01  1.2998863E-01
  2.5240001E-01  1.2998863E-01
  2.5260001E-01  1.2998863E-01
  2.5279999E-01  1.2998863E-01
  2.5299999E-01  1.2998863E-01
  2.5319999E-01  1.2998863E-01
  2.5340000E-01  1.2998863E-01
  2.5360000E-01  1.2998863E-01
  2.5380000E-01  1.2998863E-01
  2.5400001E-01  1.2998863E-01
  2.5420001E-01  1.2998863E-01
  2.5440001E-01  1.2998863E-01
  2.5459999E-01  1.2998863E-01
  2.5479999E-01  1.2998863E-01
  2.5500000E-01  1.2998863E-01
  2.5520000E-01  1.2998863E-01
  2.5540000E-01  1.2998863E-01
  2.5560001E-01  1.2998863E-01
  2.5580001E-01  1.2998863E-01
  2.5600001E-01  1.2998863E-01
  2.5619999E-01  1.2998863E-01
  2.5639999E-01  1.2998863E-01
  2.5659999E-01  1.2998863E-01
  2.5680000E-01  1.2998863E-01
  2.5700000E-01  1.2998863E-01
  2.5720000E-01  1.2998863E-01
  2.5740001E-01  1.2998863E-01
  2.5760001E-01  1.2998863E-01
  2.5780001E-01  1.2998863E-01
  2.5799999E-01  1.2998863E-01
  2.5819999E-01  1.2998863E-01
  2.5839999E-01  1.2998863E-01
  2.5860000E-01  1.2998863E-01
  2.5880000E-01  1.2998863E-01
  2.5900000E-01  1.2998863E-01
  2.5920001E-01  1.2998863E-01
  2.5940001E-01  1.2998863E-01
  2.5960001E-01  1.2998863E-01
  2.5979999E-01  1.2998863E-01
  2.5999999E-01  1.2998863E-01
  2.6019999E-01  1.2998863E-01
  2.6040000E-01  1.2998863E-01
  2.6060000E-01  1.2998863E-01
  2.6080000E-01  1.2998863E-01
  2.6100001E-01  1.2998863E-01
  2.6120001E-01  1.2998863E-01
  2.6140001E-01  1.2998863E-01
  2.6159999E-01  1.2998863E-01
  2.6179999E-01  1.2998863E-01
  2.6199999E-01  1.2998863E-01
  2.6220000E-01  1.2998863E-01
  2.6240000E-01  1.2998863E-01
  2.6260000E-01  1.2998863E-01
  2.6280001E-01  1.2998863E-01
  2.6300001E-01  1.2998863E-01
  2.6320001E-01  1.2998863E-01
  2.6339999E-01  1.2998863E-01
  2.6359999E-01  1.2998863E-01
  2.6380000E-01  1.2998863E-01
  2.6400000E-01  1.2998863E-01
  2.6420000E-01  1.2998863E-01
  2.6440001E-01  1.2998863E-01
  2.6460001E-01  1.2998863E-01
  2.6480001E-01  1.2998863E-01
  2.6499999E-01  1.2998863E-01
  2.6519999E-01  1.2998863E-01
  2.6539999E-01  1.2998863E-01
  2.6560000E-01  1.2998863E-01
  2.6580000E-01  1.2998863E-01
  2.6600000E-01  1.2998863E-01
  2.6620001E-01  1.2998863E-01
  2.6640001E-01  1.2998863E-01
  2.6660001E-01  1.2998863E-01
  2.6679999E-01  1.2998863E-01
  2.6699999E-01  1.2998863E-01
  2.6719999E-01  1.2998863E-01
  2.6740000E-01  1.2998863E-01
  2.6760000E-01  1.2998863E-01
  2.6780000E-01  1.2998863E-01
  2.6800001E-01  1.2998863E-01
  2.6820001E-01  1.2998863E-01
  2.6840001E-01  1.2998863E-01
  2.6859999E-01  1.2998863E-01
  2.6879999E-01  1.2998863E-01
  2.6899999E-01  1.2998863E-01
  2.6920000E-01  1.2998863E-01
  2.6940000E-01  1.2998863E-01
  2.6960000E-01  1.2998863E-01
  2.6980001E-01  1.2998863E-01
  2.7000001E-01  1.2998863E-01
  2.7020001E-01  1.2998863E-01
  2.7039999E-01  1.2998863E-01
  2.7059999E-01  1.2998863E-01
  2.7079999E-01  1.2998863E-01
  2.7100000E-01  1.2998863E-01
  2.7120000E-01  1.2998863E-01
  2.7140000E-01  1.2998863E-01
  2.7160001E-01  1.2998863E-01
  2.7180001E-01  1.2998863E-01
  2.7200001E-01  1.2998863E-01
  2.7219999E-01  1.2998863E-01
  2.7239999E-01  1.2998863E-01
  2.7260000E-01  1.2998863E-01
  2.7280000E-01  1.2998863E-01
  2.7300000E-01  1.2998863E-01
  2.7320001E-01  1.2998863E-01
  2.7340001E-01  1.2998863E-01
  2.7360001E-01  1.2998863E-01
  2.7379999E-01  1.2998863E-01
  2.7399999E-01  1.2998863E-01
  2.7419999E-01  1.2998863E-01
  2.7440000E-01  1.2998863E-01
  2.7460000E-01  1.2998863E-01
  2.7480000E-01  1.2998863E-01
  2.7500001E-01  1.2998863E-01
  2.7520001E-01  1.2998863E-01
  2.7540001E-01  1.2998863E-01
  2.7559999E-01  1.2998863E-01
  2.7579999E-01  1.2998863E-01
  2.7599999E-01  1.2998863E-01
  2.7620000E-01  1.2998863E-01
  2.7640000E-01  1.2998863E-01
  2.7660000E-01  1.2998863E-01
  2.7680001E-01  1.2998863E-01
  2.7700001E-01  1.2998863E-01
  2.7720001E-01  1.2998863E-01
  2.7739999E-01  1.2998863E-01
  2.7759999E-01  1.2998863E-01
  2.7779999E-01  1.2998863E-01
  2.7800000E-01  1.2998863E-01
  2.7820000E-01  1.2998863E-01
  2.7840000E-01  1.2998863E-01
  2.7860001E-01  1.2998863E-01
  2.7880001E-01  1.2998863E-01
  2.7900001E-01  1.2998863E-01
  2.7919999E-01  1.2998863E-01
  2.7939999E-01  1.2998863E-01
  2.7959999E-01  1.2998863E-01
  2.7980000E-01  1.2998863E-01
  2.8000000E-01  1.2998863E-01
  2.8020000E-01  1.2998863E-01
  2.8040001E-01  1.2998863E-01
  2.8060001E-01  1.2998863E-01
  2.8080001E-01  1.2998863E-01
  2.8099999E-01  1.2998863E-01
  2.8119999E-01  1.2998863E-01
  2.8140000E-01  1.2998863E-01
  2.8160000E-01  1.2998863E-01
  2.8180000E-01  1.2998863E-01
  2.8200001E-01  1.2998863E-01
  2.8220001E-01  1.2998863E-01
  2.8240001E-01  1.2998863E-01
  2.8259999E-01  1.2998863E-01
  2.8279999E-01  1.2998863E-01
  2.8299999E-01  1.2998863E-01
  2.8320000E-01  1.2998863E-01
  2.8340000E-01  1.2998863E-01
  2.8360000E-01  1.2998863E-01
  2.8380001E-01  1.2998863E-01
  2.8400001E-01  1.2998863E-01
  2.8420001E-01  1.2998863E-01
  2.8439999E-01  1.2998863E-01
  2.8459999E-01  1.2998863E-01
  2.8479999E-01  1.2998863E-01
  2.8500000E-01  1.2998863E-01
  2.8520000E-01  1.2998863E-01
  2.8540000E-01  1.2998863E-01
  2.8560001E-01  1.2998863E-01
  2.8580001E-01  1.2998863E-01
  2.8600001E-01  1.2998863E-01
  2.8619999E-01  1.2998863E-01
  2.8639999E-01  1.2998863E-01
  2.8659999E-01  1.2998863E-01
  2.8680000E-01  1.2998863E-01
  2.8700000E-01  1.2998863E-01
  2.8720000E-01  1.2998863E-01
  2.8740001E-01  1.2998863E-01
  2.8760001E-01  1.2998863E-01
  2.8780001E-01  1.2998863E-01
  2.8799999E-01  1.2998863E-01
  2.8819999E-01  1.2998863E-01
  2.8839999E-01  1.2998863E-01
  2.8860000E-01  1.2998863E-01
  2.8880000E-01  1.2998863E-01
  2.8900000E-01  1.2998863E-01
  2.8920001E-01  1.2998863E-01
  2.8940001E-01  1.2998863E-01
  2.8960001E-01  1.2998863E-01
  2.8979999E-01  1.2998863E-01
  2.8999999E-01  1.2998863E-01
  2.9020000E-01  1.2998863E-01
  2.9040000E-01  1.2998863E-01
  2.9060000E-01  1.2998863E-01
  2.9080001E-01  1.2998863E-01
  2.9100001E-01  1.2998863E-01
  2.9120001E-01  1.2998863E-01
  2.9139999E-01  1.2998863E-01
  2.9159999E-01  1.2998863E-01
  2.9179999E-01  1.2998863E-01
  2.9200000E-01  1.2998863E-01
  2.9220000E-01  1.2998863E-01
  2.9240000E-01  1.2998863E-01
  2.9260001E-01  1.2998863E-01
  2.9280001E-01  1.2998863E-01
  2.9300001E-01  1.2998863E-01
  2.9319999E-01  1.2998863E-01
  2.9339999E-01  1.2998863E-01
  2.9359999E-01  1.2998863E-01
  2.9380000E-01  1.2998863E-01
  2.9400000E-01  1.2998863E-01
  2.9420000E-01  1.2998863E-01
  2.9440001E-01  1.2998863E-01
  2.9460001E-01  1.2998863E-01
  2.9480001E-01  1.2998863E-01
  2.9499999E-01  1.2998863E-01
  2.9519999E-01  1.2998863E-01
  2.9539999E-01  1.2998863E-01
  2.9560000E-01  1.2998863E-01
  2.9580000E-01  1.2998863E-01
  2.9600000E-01  1.2998863E-01
  2.9620001E-01  1.2998863E-01
  2.9640001E-01  1.2998863E-01
  2.9660001E-01  1.2998863E-01
  2.9679999E-01  1.2998863E-01
  2.9699999E-01  1.2998863E-01
  2.9719999E-01  1.2998863E-01
  2.9740000E-01  1.2998863E-01
  2.9760000E-01  1.2998863E-01
  2.9780000E-01  1.2998863E-01
  2.9800001E-01  1.2998863E-01
  2.9820001E-01  1.2998863E-01
  2.9840001E-01  1.2998863E-01
  2.9859999E-01  1.2998863E-01
  2.9879999E-01  1.2998863E-01
  2.9899999E-01  1.2998863E-01
  2.9920000E-01  1.2998863E-01
  2.9940000E-01  1.2998863E-01
  2.9960001E-01  1.2998863E-01
  2.9980001E-01  1.2998863E-01
  3.0000001E-01  1.2998863E-01
